import numpy as np
import matplotlib.pyplot as pl

P_propagate = np.array(
[[ 0.010716, -0.000003,  0.000000, -0.000183, -0.000819, -0.000030,  0.000154],
 [-0.000003,  0.010649, -0.000005,  0.000190,  0.000039,  0.000134,  0.000016],
 [ 0.000000, -0.000005,  0.010718,  0.004422, -0.000148, -0.000155, -0.000806],
 [-0.000183,  0.000190,  0.004422,  0.010714,  0.000041,  0.000822, -0.000036],
 [-0.000819,  0.000039, -0.000148,  0.000041,  0.010105,  0.000212, -0.000071],
 [-0.000030,  0.000134, -0.000155,  0.000822,  0.000212,  0.010107, -0.000627],
 [ 0.000154,  0.000016, -0.000806, -0.000036, -0.000071, -0.000627,  0.010183]])
P_propagate = np.array(
[[ 0.010716, -0.000003,  0.000000, -0.000183, -0.000819, -0.000030,  0.000154],
 [-0.000003,  0.010649, -0.000005,  0.000190,  0.000039,  0.000134,  0.000016],
 [ 0.000000, -0.000005,  0.010718,  0.004422, -0.000148, -0.000155, -0.000806],
 [-0.000183,  0.000190,  0.004422,  0.010714,  0.000041,  0.000822, -0.000036],
 [-0.000819,  0.000039, -0.000148,  0.000041,  0.010105,  0.000212, -0.000071],
 [-0.000030,  0.000134, -0.000155,  0.000822,  0.000212,  0.010107, -0.000627],
 [ 0.000154,  0.000016, -0.000806, -0.000036, -0.000071, -0.000627,  0.010183]])
preinv= np.array(
[[ 0.012005,  0.000338,  0.000539,  0.000908,  0.000792, -0.000029, -0.000384],
 [ 0.000338,  0.011768,  0.000031, -0.000350,  0.000830, -0.000451, -0.000155],
 [ 0.000539,  0.000031,  0.013249,  0.002569, -0.000004, -0.000221,  0.001432],
 [ 0.000908, -0.000350,  0.002569,  0.013035, -0.000104, -0.000511,  0.000451],
 [ 0.000792,  0.000830, -0.000004, -0.000104,  0.252785, -0.000750,  0.000257],
 [-0.000029, -0.000451, -0.000221, -0.000511, -0.000750,  0.252275, -0.001431],
 [-0.000384, -0.000155,  0.001432,  0.000451,  0.000257, -0.001431,  0.256326]])
inv = np.array(
[[ 48.282124,  0.002645, -0.096309,  0.447125,  0.151831,  0.003888, -0.028684],
 [ 0.002645,  48.433491,  0.110104, -0.467143, -0.007160, -0.023361, -0.002752],
 [-0.096309,  0.110104,  50.579967, -10.800912,  0.030221,  0.064526,  0.155335],
 [ 0.447125, -0.467143, -10.800912,  50.596085, -0.012590, -0.166010, -0.027000],
 [ 0.151831, -0.007160,  0.030221, -0.012590,  3.845104, -0.003051,  0.001043],
 [ 0.003888, -0.023361,  0.064526, -0.166010, -0.003051,  3.845170,  0.009437],
 [-0.028684, -0.002752,  0.155335, -0.027000,  0.001043,  0.009437,  3.843959]])

eigen = np.linalg.eigvals(preinv)

print(np.all(eigen > 0))

print( np.linalg.inv(preinv))
